Time_Stamp      Daily_Total        Daily_pos    Daily_neg    Daily_neutral
27742 2.98824886454 0.587556773124 96.4241943623
Aug 01 3053 2.94792007861 0.818866688503 96.2332132329
Aug 02 2921 2.80725778843 0.684697021568 96.50804519
Aug 03 1360 3.08823529412 0.441176470588 96.4705882353
Aug 04 -1.0 -1.0 -1.0 -1.0
Aug 05 -1.0 -1.0 -1.0 -1.0
Aug 06 2644 3.36611195159 0.453857791225 96.1800302572
Aug 07 2937 3.0303030303 0.612870275792 96.3568266939
Aug 08 584 2.22602739726 0.171232876712 97.602739726
Aug 09 4230 2.93144208038 0.401891252955 96.6666666667
Aug 10 4069 2.43303022856 0.614401572868 96.9525681986
Aug 11 3040 3.02631578947 0.625 96.3486842105
Aug 12 3606 2.57903494176 0.610094287299 96.8108707709
Aug 13 2364 3.34179357022 0.253807106599 96.4043993232
