Time_Stamp      Daily_Total        Daily_pos    Daily_neg    Daily_neutral
7186 3.7155580295 0.389646534929 95.8947954356
Aug 01 814 2.08845208845 0.2457002457 97.6658476658
Aug 02 893 3.24748040314 0.0 96.7525195969
Aug 03 671 2.6825633383 0.745156482861 96.5722801788
Aug 04 -1.0 -1.0 -1.0 -1.0
Aug 05 -1.0 -1.0 -1.0 -1.0
Aug 06 783 4.08684546616 0.383141762452 95.5300127714
Aug 07 653 3.82848392037 0.306278713629 95.865237366
Aug 08 228 1.75438596491 0.438596491228 97.8070175439
Aug 09 969 4.7471620227 0.103199174407 95.1496388029
Aug 10 962 4.5738045738 0.623700623701 94.8024948025
Aug 11 914 5.03282275711 0.218818380744 94.7483588621
Aug 12 1052 3.99239543726 0.285171102662 95.7224334601
Aug 13 683 3.80673499268 0.439238653001 95.7540263543
