Time_Stamp      Daily_Total        Daily_pos    Daily_neg    Daily_neutral
10430 4.58293384468 0.412272291467 95.0047938639
Aug 01 1003 3.58923230309 0.797607178465 95.6131605184
Aug 02 1233 3.48742903487 0.486618004866 96.0259529603
Aug 03 677 3.54505169867 0.0 96.4549483013
Aug 04 -1.0 -1.0 -1.0 -1.0
Aug 05 -1.0 -1.0 -1.0 -1.0
Aug 06 1105 2.89592760181 0.27149321267 96.8325791855
Aug 07 919 3.91730141458 0.108813928183 95.9738846572
Aug 08 250 3.6 0.4 96.0
Aug 09 1426 3.36605890603 0.280504908836 96.3534361851
Aug 10 1452 5.23415977961 0.413223140496 94.3526170799
Aug 11 1271 3.46184107002 0.314712824548 96.2234461054
Aug 12 1298 12.0184899846 0.462249614792 87.5192604006
Aug 13 977 3.88945752303 0.409416581372 95.7011258956
