Time_Stamp      Daily_Total        Daily_pos    Daily_neg    Daily_neutral
13961 5.400759257932813 1.5256786763125851 93.0735620657546
Aug 01 1338 5.23168908819133 1.345291479820628 93.42301943198804
Aug 02 1559 4.6183450930083385 1.7960230917254651 93.5856318152662
Aug 03 950 5.473684210526316 1.5789473684210527 92.94736842105263
Aug 04 -1.0 -1.0 -1.0 -1.0
Aug 05 -1.0 -1.0 -1.0 -1.0
Aug 06 1627 5.101413644744929 1.4751075599262446 93.42347879532883
Aug 07 1418 4.301833568406206 1.622002820874471 94.07616361071932
Aug 08 500 5.4 1.6 93.0
Aug 09 1995 5.513784461152882 1.2531328320802004 93.23308270676691
Aug 10 1762 6.413166855845629 0.9648127128263337 92.62202043132804
Aug 11 1544 5.634715025906735 1.6191709844559583 92.74611398963731
Aug 12 1951 5.074320861096873 1.6401845207585852 93.28549461814454
Aug 13 1355 5.756457564575646 1.1808118081180812 93.06273062730628
