Time_Stamp      Daily_Total        Daily_pos    Daily_neg    Daily_neutral
27921 5.379463486264818 1.8552344113749508 92.76530210236022
Aug 01 3073 5.271721444842173 2.570777741620566 92.15750081353727
Aug 02 2958 5.409060175794456 1.8931710615280595 92.69776876267748
Aug 03 1371 4.886943836615609 1.0940919037199124 94.01896425966449
Aug 04 -1.0 -1.0 -1.0 -1.0
Aug 05 -1.0 -1.0 -1.0 -1.0
Aug 06 2658 5.379984951091045 1.580135440180587 93.03987960872837
Aug 07 2956 5.446549391069013 2.6387009472259813 91.914749661705
Aug 08 587 4.770017035775128 1.192504258943782 94.03747870528109
Aug 09 4247 5.0388509536143165 1.4598540145985401 93.50129503178715
Aug 10 4091 4.742116841847959 1.6132974822781716 93.64458567587387
Aug 11 3062 5.160026126714565 1.9268451992161988 92.91312867406923
Aug 12 3624 5.32560706401766 1.3520971302428255 93.32229580573951
Aug 13 2373 5.562579013906448 1.053518752633797 93.38390223345976
