Time_Stamp      Daily_Total        Daily_pos    Daily_neg    Daily_neutral
7183 6.3344006682444665 1.9908116385911179 91.67478769316442
Aug 01 814 4.054054054054054 3.6855036855036856 92.26044226044226
Aug 02 892 6.053811659192825 2.4663677130044843 91.4798206278027
Aug 03 671 4.619970193740686 2.086438152011923 93.2935916542474
Aug 04 -1.0 -1.0 -1.0 -1.0
Aug 05 -1.0 -1.0 -1.0 -1.0
Aug 06 783 7.0242656449553005 1.6602809706257982 91.3154533844189
Aug 07 653 6.278713629402756 0.9188361408882083 92.80245022970904
Aug 08 228 5.263157894736842 2.1929824561403506 92.54385964912281
Aug 09 968 8.057851239669422 1.1363636363636365 90.80578512396694
Aug 10 962 6.756756756756757 1.5592515592515594 91.68399168399168
Aug 11 914 7.768052516411379 1.312910284463895 90.91903719912473
Aug 12 1052 7.1292775665399235 1.4258555133079849 91.4448669201521
Aug 13 683 6.588579795021962 1.3177159590043925 92.09370424597365
