Time_Stamp      Daily_Total        Daily_pos    Daily_neg    Daily_neutral
7514 7.57253127495342 2.528613255256854 89.89885546978972
Aug 01 684 4.5321637426900585 2.1929824561403506 93.27485380116958
Aug 02 795 8.553459119496855 1.257861635220126 90.18867924528303
Aug 03 491 10.183299389002038 1.4256619144602851 88.39103869653768
Aug 04 -1.0 -1.0 -1.0 -1.0
Aug 05 -1.0 -1.0 -1.0 -1.0
Aug 06 766 7.702349869451696 1.8276762402088773 90.46997389033943
Aug 07 589 7.809847198641766 1.1884550084889642 91.00169779286928
Aug 08 191 9.424083769633508 1.0471204188481675 89.52879581151832
Aug 09 919 6.637649619151251 1.7410228509249184 91.62132752992383
Aug 10 992 8.770161290322582 1.411290322580645 89.81854838709677
Aug 11 1002 4.191616766467066 4.790419161676647 91.01796407185628
Aug 12 1376 9.229651162790697 4.651162790697675 86.11918604651163
Aug 13 667 8.845577211394302 2.39880059970015 88.75562218890555
