Time_Stamp      Daily_Total        Daily_pos    Daily_neg    Daily_neutral
46810 4.445631275368511 2.8113650929288614 92.74300363170262
Aug 01 6826 4.907705830647524 3.091122179900381 92.00117198945209
Aug 02 5774 4.641496363006581 2.9961898164184273 92.362313820575
Aug 03 1468 5.313351498637602 2.3841961852861036 92.30245231607628
Aug 04 -1.0 -1.0 -1.0 -1.0
Aug 05 -1.0 -1.0 -1.0 -1.0
Aug 06 2061 5.337214944201843 2.2804463852498786 92.38233867054828
Aug 07 11248 4.383001422475107 3.0849928876244666 92.53200568990043
Aug 08 1415 3.180212014134275 2.614840989399293 94.20494699646643
Aug 09 4462 3.6978933213805467 2.7117884356790674 93.59031824294038
Aug 10 4786 4.262432093606352 2.486418721270372 93.25114918512327
Aug 11 4341 4.353835521769177 2.11932734392997 93.52683713430085
Aug 12 4381 4.724948641862588 2.876055695046793 92.39899566309062
Aug 13 4212 4.05982905982906 2.611585944919278 93.32858499525166
