Time_Stamp      Daily_Total        Daily_pos    Daily_neg    Daily_neutral
10430 7.660594439117929 1.102588686481304 91.23681687440077
Aug 01 1003 6.679960119641076 1.0967098703888334 92.2233300099701
Aug 02 1233 6.082725060827251 1.2165450121654502 92.7007299270073
Aug 03 677 6.794682422451995 0.14771048744460857 93.0576070901034
Aug 04 -1.0 -1.0 -1.0 -1.0
Aug 05 -1.0 -1.0 -1.0 -1.0
Aug 06 1105 5.791855203619909 1.085972850678733 93.12217194570135
Aug 07 919 6.637649619151251 0.7616974972796519 92.6006528835691
Aug 08 250 8.0 0.8 91.2
Aug 09 1426 5.539971949509116 0.9116409537166901 93.54838709677419
Aug 10 1452 10.192837465564738 1.5840220385674932 88.22314049586777
Aug 11 1271 6.451612903225806 0.7081038552321007 92.84028324154208
Aug 12 1298 14.40677966101695 1.386748844375963 84.20647149460709
Aug 13 977 5.629477993858751 1.023541453428864 93.3469805527124
