Time_Stamp      Daily_Total        Daily_pos    Daily_neg    Daily_neutral
13962 15.599484314568112 6.080790717662226 78.31972496776966
Aug 01 1338 15.695067264573993 6.427503736920777 77.87742899850522
Aug 02 1559 13.149454778704298 6.54265554842848 80.30788967286723
Aug 03 950 16.842105263157894 4.526315789473685 78.63157894736842
Aug 04 -1.0 -1.0 -1.0 -1.0
Aug 05 -1.0 -1.0 -1.0 -1.0
Aug 06 1627 13.890596189305471 5.716041794714198 80.39336201598033
Aug 07 1418 15.2327221438646 5.923836389280677 78.84344146685473
Aug 08 500 15.2 5.6000000000000005 79.2
Aug 09 1995 15.18796992481203 6.666666666666667 78.1453634085213
Aug 10 1763 17.64038570618264 5.615428247305728 76.74418604651163
Aug 11 1544 17.098445595854923 5.246113989637306 77.65544041450777
Aug 12 1951 14.812916453100975 6.0481804202972835 79.13890312660175
Aug 13 1355 15.940959409594097 4.649446494464945 79.40959409594096
