Time_Stamp      Daily_Total        Daily_pos    Daily_neg    Daily_neutral
27921 14.45865119444146 7.775509473156406 77.76583933240214
Aug 01 3073 13.049137650504395 9.013992840872112 77.9368695086235
Aug 02 2958 13.759296822177147 8.316430020283976 77.92427315753888
Aug 03 1371 13.420860685630926 6.3457330415754925 80.23340627279359
Aug 04 -1.0 -1.0 -1.0 -1.0
Aug 05 -1.0 -1.0 -1.0 -1.0
Aug 06 2658 15.80135440180587 7.035364936042137 77.16328066215199
Aug 07 2956 14.140730717185384 8.728010825439783 77.13125845737483
Aug 08 587 13.62862010221465 4.770017035775128 81.60136286201022
Aug 09 4247 14.29244172356958 6.781257358135154 78.92630091829527
Aug 10 4091 14.544121241750183 7.528721583964801 77.92715717428501
Aug 11 3062 15.120836054866102 7.544088830829524 77.33507511430437
Aug 12 3624 13.962472406181014 7.588300220750551 78.44922737306842
Aug 13 2373 14.496418036241046 6.236831015592077 79.26675094816687
