Time_Stamp      Daily_Total        Daily_pos    Daily_neg    Daily_neutral
10430 17.142857142857142 5.244487056567594 77.61265580057525
Aug 01 1003 16.94915254237288 5.583250249252243 77.46759720837487
Aug 02 1233 16.54501216545012 4.866180048661801 78.58880778588808
Aug 03 677 14.32791728212703 4.579025110782865 81.0930576070901
Aug 04 -1.0 -1.0 -1.0 -1.0
Aug 05 -1.0 -1.0 -1.0 -1.0
Aug 06 1105 14.20814479638009 3.5294117647058822 82.26244343891402
Aug 07 919 15.995647442872688 5.658324265505985 78.34602829162132
Aug 08 250 18.0 3.5999999999999996 78.4
Aug 09 1426 15.638148667601683 4.908835904628331 79.45301542777
Aug 10 1452 19.55922865013774 6.0606060606060606 74.3801652892562
Aug 11 1271 17.702596380802518 5.114083398898505 77.18332022029898
Aug 12 1298 23.959938366718028 4.6995377503852085 71.34052388289676
Aug 13 977 13.510747185261001 4.7082906857727735 81.78096212896622
