Time_Stamp      Daily_Total        Daily_pos    Daily_neg    Daily_neutral
46815 14.6897361957 29.2705329488 56.0397308555
Aug 01 6827 14.9113812802 35.4914310825 49.5971876373
Aug 02 5774 14.790439903 33.7720817458 51.4374783512
Aug 03 1468 15.3269754768 30.8583106267 53.8147138965
Aug 04 -1.0 -1.0 -1.0 -1.0
Aug 05 -1.0 -1.0 -1.0 -1.0
Aug 06 2061 16.2542455119 26.686074721 57.0596797671
Aug 07 11249 13.5834296382 26.2956707263 60.1208996355
Aug 08 1415 16.6077738516 22.8975265018 60.4946996466
Aug 09 4462 13.7158225011 28.5970416853 57.6871358135
Aug 10 4786 14.6259924781 27.2043460092 58.1696615127
Aug 11 4342 16.0985720866 24.8502994012 59.0511285122
Aug 12 4381 15.6128737731 28.5551244008 55.8320018261
Aug 13 4212 13.4377967711 28.2051282051 58.3570750237
