Time_Stamp      Daily_Total        Daily_pos    Daily_neg    Daily_neutral
7514 6.02874634017 1.23768964599 92.7335640138
Aug 01 684 2.63157894737 0.877192982456 96.4912280702
Aug 02 795 7.4213836478 1.00628930818 91.572327044
Aug 03 491 9.57230142566 0.81466395112 89.6130346232
Aug 04 -1.0 -1.0 -1.0 -1.0
Aug 05 -1.0 -1.0 -1.0 -1.0
Aug 06 766 6.5274151436 0.913838120104 92.5587467363
Aug 07 589 6.45161290323 0.0 93.5483870968
Aug 08 191 8.37696335079 0.523560209424 91.0994764398
Aug 09 919 5.11425462459 0.870511425462 94.0152339499
Aug 10 992 6.95564516129 1.10887096774 91.935483871
Aug 11 1002 3.29341317365 1.49700598802 95.2095808383
Aug 12 1376 6.90406976744 2.47093023256 90.625
Aug 13 667 6.44677661169 1.04947526237 92.5037481259
