Time_Stamp      Daily_Total        Daily_pos    Daily_neg    Daily_neutral
46815 3.26177507209 1.37349140233 95.3647335256
Aug 01 6827 3.47151018017 1.46477222792 95.0637175919
Aug 02 5774 3.60235538621 1.76653966055 94.6311049532
Aug 03 1468 4.56403269755 1.15803814714 94.2779291553
Aug 04 -1.0 -1.0 -1.0 -1.0
Aug 05 -1.0 -1.0 -1.0 -1.0
Aug 06 2061 4.07569141194 0.970402717128 94.9539058709
Aug 07 11249 3.28918126056 1.08454084808 95.6262778914
Aug 08 1415 2.47349823322 1.20141342756 96.3250883392
Aug 09 4462 2.689376961 1.36709995518 95.9435230838
Aug 10 4786 3.09235269536 1.27455077309 95.6330965316
Aug 11 4342 2.94795025334 1.08245048365 95.969599263
Aug 12 4381 3.30974663319 1.59780871947 95.0924446473
Aug 13 4212 3.08641975309 1.61443494777 95.2991452991
