Time_Stamp      Daily_Total        Daily_pos    Daily_neg    Daily_neutral
13962 4.16845724108 0.637444492193 95.1940982667
Aug 01 1338 4.48430493274 0.373692077728 95.1420029895
Aug 02 1559 3.91276459269 1.2187299551 94.8685054522
Aug 03 950 4.84210526316 0.631578947368 94.5263157895
Aug 04 -1.0 -1.0 -1.0 -1.0
Aug 05 -1.0 -1.0 -1.0 -1.0
Aug 06 1627 3.87215734481 0.614628149969 95.5132145052
Aug 07 1418 3.17348377997 0.846262341326 95.9802538787
Aug 08 500 4.4 0.4 95.2
Aug 09 1995 4.16040100251 0.350877192982 95.4887218045
Aug 10 1763 4.87804878049 0.283607487238 94.8383437323
Aug 11 1544 4.01554404145 0.518134715026 95.4663212435
Aug 12 1951 4.04920553562 0.717580727832 95.2332137365
Aug 13 1355 4.20664206642 0.442804428044 95.3505535055
