Time_Stamp      Daily_Total        Daily_pos    Daily_neg    Daily_neutral
27742 4.13092062577 0.850695696057 95.0183836782
Aug 01 3053 3.83229610219 1.21192269898 94.9557811988
Aug 02 2921 3.90277302294 0.958575830195 95.1386511469
Aug 03 1360 4.19117647059 0.441176470588 95.3676470588
Aug 04 -1.0 -1.0 -1.0 -1.0
Aug 05 -1.0 -1.0 -1.0 -1.0
Aug 06 2644 4.34947049924 0.71860816944 94.9319213313
Aug 07 2937 4.42628532516 1.08954715696 94.4841675179
Aug 08 584 2.91095890411 0.171232876712 96.9178082192
Aug 09 4230 3.99527186761 0.685579196217 95.3191489362
Aug 10 4069 3.61268124846 0.811010076186 95.5763086754
Aug 11 3040 3.84868421053 0.690789473684 95.4605263158
Aug 12 3606 4.15973377704 0.859678313921 94.980587909
Aug 13 2364 4.44162436548 0.338409475465 95.2199661591
