Time_Stamp      Daily_Total        Daily_pos    Daily_neg    Daily_neutral
7186 4.84274979126 0.765377122182 94.3918730866
Aug 01 814 3.07125307125 0.737100737101 96.1916461916
Aug 02 893 4.0313549832 1.0078387458 94.960806271
Aug 03 671 3.87481371088 1.19225037258 94.9329359165
Aug 04 -1.0 -1.0 -1.0 -1.0
Aug 05 -1.0 -1.0 -1.0 -1.0
Aug 06 783 4.98084291188 0.766283524904 94.2528735632
Aug 07 653 5.05359877489 0.459418070444 94.4869831547
Aug 08 228 3.94736842105 0.877192982456 95.1754385965
Aug 09 969 5.88235294118 0.30959752322 93.8080495356
Aug 10 962 5.40540540541 0.727650727651 93.8669438669
Aug 11 914 6.2363238512 0.328227571116 93.4354485777
Aug 12 1052 5.41825095057 0.475285171103 94.1064638783
Aug 13 683 5.85651537335 0.439238653001 93.7042459736
