Time_Stamp      Daily_Total        Daily_pos    Daily_neg    Daily_neutral
10430 5.94439117929 0.671140939597 93.3844678811
Aug 01 1003 5.18444666002 1.09670987039 93.7188434696
Aug 02 1233 5.02838605028 0.648824006488 94.3227899432
Aug 03 677 5.46528803545 0.147710487445 94.3870014771
Aug 04 -1.0 -1.0 -1.0 -1.0
Aug 05 -1.0 -1.0 -1.0 -1.0
Aug 06 1105 4.1628959276 0.633484162896 95.2036199095
Aug 07 919 4.89662676823 0.435255712731 94.668117519
Aug 08 250 6.0 0.4 93.6
Aug 09 1426 4.27769985975 0.70126227209 95.0210378682
Aug 10 1452 6.68044077135 0.68870523416 92.6308539945
Aug 11 1271 4.87804878049 0.472069236821 94.6498819827
Aug 12 1298 13.4822804314 0.770416024653 85.7473035439
Aug 13 977 4.50358239509 0.409416581372 95.0870010235
