Time_Stamp      Daily_Total        Daily_pos    Daily_neg    Daily_neutral
13962 5.32158716516 1.65449076064 93.0239220742
Aug 01 1338 5.0822122571 1.27055306428 93.6472346786
Aug 02 1559 4.42591404747 2.50160359205 93.0724823605
Aug 03 950 5.68421052632 2.10526315789 92.2105263158
Aug 04 -1.0 -1.0 -1.0 -1.0
Aug 05 -1.0 -1.0 -1.0 -1.0
Aug 06 1627 4.97848801475 1.47510755993 93.5464044253
Aug 07 1418 4.16078984485 1.62200282087 94.2172073343
Aug 08 500 5.2 1.4 93.4
Aug 09 1995 5.51378446115 1.30325814536 93.1829573935
Aug 10 1763 6.29608621668 1.0777084515 92.6262053318
Aug 11 1544 5.63471502591 1.61917098446 92.7461139896
Aug 12 1951 5.17683239364 1.58892875448 93.2342388519
Aug 13 1355 5.38745387454 1.47601476015 93.1365313653
