Time_Stamp      Daily_Total        Daily_pos    Daily_neg    Daily_neutral
27742 5.33847595703 1.75906567659 92.9024583664
Aug 01 3053 5.1424828038 2.29282672781 92.5646904684
Aug 02 2921 5.34063676823 1.81444710716 92.8449161246
Aug 03 1360 5.0 1.02941176471 93.9705882353
Aug 04 -1.0 -1.0 -1.0 -1.0
Aug 05 -1.0 -1.0 -1.0 -1.0
Aug 06 2644 5.3328290469 1.62632375189 93.0408472012
Aug 07 2937 5.24344569288 2.41743275451 92.3391215526
Aug 08 584 4.62328767123 0.856164383562 94.5205479452
Aug 09 4230 5.13002364066 1.44208037825 93.4278959811
Aug 10 4069 4.89063652003 1.59744408946 93.5119193905
Aug 11 3040 4.90131578947 1.74342105263 93.3552631579
Aug 12 3606 5.2967276761 1.38657792568 93.3166943982
Aug 13 2364 5.58375634518 0.80372250423 93.6125211506
