Time_Stamp      Daily_Total        Daily_pos    Daily_neg    Daily_neutral
7186 5.9838575007 1.89256888394 92.1235736154
Aug 01 814 3.80835380835 2.2113022113 93.9803439803
Aug 02 893 5.039193729 1.90369540873 93.0571108623
Aug 03 671 4.3219076006 2.6825633383 92.9955290611
Aug 04 -1.0 -1.0 -1.0 -1.0
Aug 05 -1.0 -1.0 -1.0 -1.0
Aug 06 783 6.51340996169 1.78799489144 91.6985951469
Aug 07 653 5.97243491577 1.53139356815 92.4961715161
Aug 08 228 5.26315789474 2.19298245614 92.5438596491
Aug 09 969 8.04953560372 1.03199174407 90.9184726522
Aug 10 962 6.34095634096 1.55925155925 92.0997920998
Aug 11 914 7.4398249453 1.31291028446 91.2472647702
Aug 12 1052 7.12927756654 1.42585551331 91.4448669202
Aug 13 683 6.44216691069 1.317715959 92.2401171303
