Time_Stamp      Daily_Total        Daily_pos    Daily_neg    Daily_neutral
7514 7.22651051371 3.03433590631 89.73915358
Aug 01 684 3.80116959064 2.19298245614 94.0058479532
Aug 02 795 8.17610062893 2.38993710692 89.4339622642
Aug 03 491 10.3869653768 1.83299389002 87.7800407332
Aug 04 -1.0 -1.0 -1.0 -1.0
Aug 05 -1.0 -1.0 -1.0 -1.0
Aug 06 766 7.31070496084 1.82767624021 90.861618799
Aug 07 589 7.97962648557 1.18845500849 90.8319185059
Aug 08 191 8.90052356021 1.04712041885 90.0523560209
Aug 09 919 5.87595212187 1.74102285092 92.3830250272
Aug 10 992 8.46774193548 2.11693548387 89.4153225806
Aug 11 1002 4.09181636727 5.38922155689 90.5189620758
Aug 12 1376 8.79360465116 5.23255813953 85.9738372093
Aug 13 667 7.79610194903 3.29835082459 88.9055472264
