Time_Stamp      Daily_Total        Daily_pos    Daily_neg    Daily_neutral
13962 8.79530153273 3.73155708351 87.4731413838
Aug 01 1338 8.96860986547 3.51270553064 87.5186846039
Aug 02 1559 7.1840923669 4.61834509301 88.1975625401
Aug 03 950 9.26315789474 3.26315789474 87.4736842105
Aug 04 -1.0 -1.0 -1.0 -1.0
Aug 05 -1.0 -1.0 -1.0 -1.0
Aug 06 1627 8.17455439459 3.44191763983 88.3835279656
Aug 07 1418 8.11001410437 3.73765867419 88.1523272214
Aug 08 500 8.4 3.4 88.2
Aug 09 1995 8.42105263158 3.50877192982 88.0701754386
Aug 10 1763 10.3233125355 3.3465683494 86.3301191151
Aug 11 1544 9.00259067358 3.5621761658 87.4352331606
Aug 12 1951 8.7647360328 3.48539210661 87.7498718606
Aug 13 1355 9.37269372694 2.65682656827 87.9704797048
