Time_Stamp      Daily_Total        Daily_pos    Daily_neg    Daily_neutral
27742 8.58625910172 3.79929349002 87.6144474083
Aug 01 3053 7.76285620701 4.84769079594 87.3894529971
Aug 02 2921 8.59294762068 3.93700787402 87.4700445053
Aug 03 1360 7.86764705882 3.16176470588 88.9705882353
Aug 04 -1.0 -1.0 -1.0 -1.0
Aug 05 -1.0 -1.0 -1.0 -1.0
Aug 06 2644 9.41754916793 3.21482602118 87.3676248109
Aug 07 2937 8.27374872319 4.0177051413 87.7085461355
Aug 08 584 7.53424657534 1.71232876712 90.7534246575
Aug 09 4230 7.84869976359 3.07328605201 89.0780141844
Aug 10 4069 8.35586139101 3.48980093389 88.1543376751
Aug 11 3040 8.15789473684 3.61842105263 88.2236842105
Aug 12 3606 8.40266222962 3.71602884082 87.8813089296
Aug 13 2364 8.46023688663 3.04568527919 88.4940778342
