Time_Stamp      Daily_Total        Daily_pos    Daily_neg    Daily_neutral
7186 9.15669357083 5.0514890064 85.7918174228
Aug 01 814 7.24815724816 4.914004914 87.8378378378
Aug 02 893 8.95856662934 5.59910414334 85.4423292273
Aug 03 671 7.89865871833 6.40834575261 85.6929955291
Aug 04 -1.0 -1.0 -1.0 -1.0
Aug 05 -1.0 -1.0 -1.0 -1.0
Aug 06 783 8.68454661558 5.49169859515 85.8237547893
Aug 07 653 8.11638591118 6.12557427259 85.7580398162
Aug 08 228 7.89473684211 5.26315789474 86.8421052632
Aug 09 969 10.8359133127 3.81836945304 85.3457172343
Aug 10 962 8.31600831601 4.9896049896 86.6943866944
Aug 11 914 11.5973741794 3.5010940919 84.9015317287
Aug 12 1052 10.5513307985 2.94676806084 86.5019011407
Aug 13 683 9.80966325037 4.39238653001 85.7979502196
