Time_Stamp      Daily_Total        Daily_pos    Daily_neg    Daily_neutral
46815 7.1707785966 8.59339955143 84.235821852
Aug 01 6827 7.80723597481 10.5610077633 81.6317562619
Aug 02 5774 7.44717700035 9.83720124697 82.7156217527
Aug 03 1468 7.83378746594 7.28882833787 84.8773841962
Aug 04 -1.0 -1.0 -1.0 -1.0
Aug 05 -1.0 -1.0 -1.0 -1.0
Aug 06 2061 8.44250363901 7.27802037846 84.2794759825
Aug 07 11249 7.0939639079 8.17850475598 84.7275313361
Aug 08 1415 7.20848056537 7.06713780919 85.7243816254
Aug 09 4462 6.58897355446 7.82160466159 85.589421784
Aug 10 4786 7.04137066444 7.52193898872 85.4366903468
Aug 11 4342 6.95532012897 7.53109166283 85.5135882082
Aug 12 4381 7.23579091532 8.1031727916 84.6610362931
Aug 13 4212 5.88793922127 7.71604938272 86.396011396
