Time_Stamp      Daily_Total        Daily_pos    Daily_neg    Daily_neutral
46815 33.8609420058 66.1390579942 0.0
Aug 01 6827 30.5405009521 69.4594990479 0.0
Aug 02 5774 30.7239348805 69.2760651195 0.0
Aug 03 1468 33.7874659401 66.2125340599 0.0
Aug 04 -1.0 -1.0 -1.0 -1.0
Aug 05 -1.0 -1.0 -1.0 -1.0
Aug 06 2061 37.0208636584 62.9791363416 0.0
Aug 07 11249 36.1009867544 63.8990132456 0.0
Aug 08 1415 38.7279151943 61.2720848057 0.0
Aug 09 4462 32.6759300762 67.3240699238 0.0
Aug 10 4786 34.015879649 65.984120351 0.0
Aug 11 4342 35.8820819899 64.1179180101 0.0
Aug 12 4381 34.5811458571 65.4188541429 0.0
Aug 13 4212 31.7663817664 68.2336182336 0.0
