Time_Stamp      Daily_Total        Daily_pos    Daily_neg    Daily_neutral
10430 42.0901246405 57.9098753595 0.0
Aug 01 1003 45.7627118644 54.2372881356 0.0
Aug 02 1233 39.8215733982 60.1784266018 0.0
Aug 03 677 44.4608567208 55.5391432792 0.0
Aug 04 -1.0 -1.0 -1.0 -1.0
Aug 05 -1.0 -1.0 -1.0 -1.0
Aug 06 1105 39.6380090498 60.3619909502 0.0
Aug 07 919 45.4842219804 54.5157780196 0.0
Aug 08 250 45.2 54.8 0.0
Aug 09 1426 39.5511921459 60.4488078541 0.0
Aug 10 1452 47.0385674931 52.9614325069 0.0
Aug 11 1271 42.4075531078 57.5924468922 0.0
Aug 12 1298 46.5331278891 53.4668721109 0.0
Aug 13 977 39.3039918117 60.6960081883 0.0
