Time_Stamp      Daily_Total        Daily_pos    Daily_neg    Daily_neutral
7186 1.79515725021 0.13915947676 98.065683273
Aug 01 814 0.737100737101 0.12285012285 99.14004914
Aug 02 893 2.12765957447 0.0 97.8723404255
Aug 03 671 2.08643815201 0.149031296572 97.7645305514
Aug 04 -1.0 -1.0 -1.0 -1.0
Aug 05 -1.0 -1.0 -1.0 -1.0
Aug 06 783 1.78799489144 0.127713920817 98.0842911877
Aug 07 653 1.68453292496 0.0 98.315467075
Aug 08 228 1.31578947368 0.0 98.6842105263
Aug 09 969 2.06398348813 0.0 97.9360165119
Aug 10 962 2.079002079 0.4158004158 97.5051975052
Aug 11 914 2.18818380744 0.0 97.8118161926
Aug 12 1052 2.7566539924 0.190114068441 97.0532319392
Aug 13 683 2.04978038067 0.146412884334 97.803806735
