Time_Stamp      Daily_Total        Daily_pos    Daily_neg    Daily_neutral
46815 0.858699134893 0.343906867457 98.7973939977
Aug 01 6827 0.922806503589 0.292954445584 98.7842390508
Aug 02 5774 1.00450294423 0.467613439557 98.5278836162
Aug 03 1468 1.02179836512 0.544959128065 98.4332425068
Aug 04 -1.0 -1.0 -1.0 -1.0
Aug 05 -1.0 -1.0 -1.0 -1.0
Aug 06 2061 1.21300339641 0.145560407569 98.641436196
Aug 07 11249 0.737843363855 0.222241977065 99.0399146591
Aug 08 1415 0.777385159011 0.212014134276 99.0106007067
Aug 09 4462 0.829224562976 0.31376064545 98.8570147916
Aug 10 4786 0.835770998746 0.31341412453 98.8508148767
Aug 11 4342 0.690925840626 0.368493781667 98.9405803777
Aug 12 4381 0.753252682036 0.433690938142 98.8130563798
Aug 13 4212 0.902184235518 0.498575498575 98.5992402659
