Time_Stamp      Daily_Total        Daily_pos    Daily_neg    Daily_neutral
13962 19.0731986821 12.9422718808 67.984529437
Aug 01 1338 19.1330343797 13.5276532138 67.3393124066
Aug 02 1559 15.8434894163 14.5606157793 69.5958948044
Aug 03 950 21.0526315789 11.4736842105 67.4736842105
Aug 04 -1.0 -1.0 -1.0 -1.0
Aug 05 -1.0 -1.0 -1.0 -1.0
Aug 06 1627 18.1929932391 10.8789182545 70.9280885065
Aug 07 1418 18.1241184767 11.3540197461 70.5218617772
Aug 08 500 19.0 13.2 67.8
Aug 09 1995 18.045112782 12.4310776942 69.5238095238
Aug 10 1763 20.9302325581 12.5921724334 66.4775950085
Aug 11 1544 19.5595854922 11.981865285 68.4585492228
Aug 12 1951 19.4259354177 12.6089185033 67.9651460789
Aug 13 1355 20.073800738 10.7011070111 69.2250922509
