Time_Stamp      Daily_Total        Daily_pos    Daily_neg    Daily_neutral
27742 19.9336745728 13.0812486483 66.9850767789
Aug 01 3053 17.9823124795 15.0343924009 66.9832951196
Aug 02 2921 18.8634029442 13.8993495378 67.237247518
Aug 03 1360 18.75 10.8823529412 70.3676470588
Aug 04 -1.0 -1.0 -1.0 -1.0
Aug 05 -1.0 -1.0 -1.0 -1.0
Aug 06 2644 21.1422087746 12.3676248109 66.4901664145
Aug 07 2937 19.8161389173 15.1515151515 65.0323459312
Aug 08 584 19.0068493151 6.50684931507 74.4863013699
Aug 09 4230 19.0780141844 10.8037825059 70.1182033097
Aug 10 4069 19.1201769477 12.7304005898 68.1494224625
Aug 11 3040 20.4605263158 12.1710526316 67.3684210526
Aug 12 3606 20.3272323905 12.5901275652 67.0826400444
Aug 13 2364 20.7275803723 11.5482233503 67.7241962775
