Time_Stamp      Daily_Total        Daily_pos    Daily_neg    Daily_neutral
7186 19.2735875313 20.0946284442 60.6317840245
Aug 01 814 14.6191646192 24.8157248157 60.5651105651
Aug 02 893 19.2609182531 20.8286674132 59.9104143337
Aug 03 671 18.3308494784 23.2488822653 58.4202682563
Aug 04 -1.0 -1.0 -1.0 -1.0
Aug 05 -1.0 -1.0 -1.0 -1.0
Aug 06 783 20.4342273308 19.9233716475 59.6424010217
Aug 07 653 17.6110260337 17.1516079632 65.2373660031
Aug 08 228 20.1754385965 18.8596491228 60.9649122807
Aug 09 969 21.7750257998 16.2022703818 62.0227038184
Aug 10 962 18.6070686071 21.1018711019 60.2910602911
Aug 11 914 19.693654267 15.8643326039 64.4420131291
Aug 12 1052 21.5779467681 16.825095057 61.5969581749
Aug 13 683 21.5226939971 19.4729136164 59.0043923865
