Time_Stamp      Daily_Total        Daily_pos    Daily_neg    Daily_neutral
7514 20.52169284 23.1168485494 56.3614586106
Aug 01 684 15.6432748538 21.783625731 62.5730994152
Aug 02 795 18.7421383648 21.0062893082 60.251572327
Aug 03 491 26.6802443992 16.700610998 56.6191446029
Aug 04 -1.0 -1.0 -1.0 -1.0
Aug 05 -1.0 -1.0 -1.0 -1.0
Aug 06 766 22.5848563969 21.0182767624 56.3968668407
Aug 07 589 20.7130730051 20.5432937182 58.7436332767
Aug 08 191 28.2722513089 18.3246073298 53.4031413613
Aug 09 919 19.8041349293 22.4156692057 57.7801958651
Aug 10 992 20.060483871 18.9516129032 60.9879032258
Aug 11 1002 15.2694610778 27.245508982 57.4850299401
Aug 12 1376 21.8023255814 27.761627907 50.4360465116
Aug 13 667 22.4887556222 22.9385307346 54.5727136432
