Time_Stamp      Daily_Total        Daily_pos    Daily_neg    Daily_neutral
10430 20.0095877277 16.874400767 63.1160115053
Aug 01 1003 21.8344965105 15.5533399801 62.6121635095
Aug 02 1233 19.3836171938 15.2473641525 65.3690186537
Aug 03 677 18.3161004431 13.4416543575 68.2422451994
Aug 04 -1.0 -1.0 -1.0 -1.0
Aug 05 -1.0 -1.0 -1.0 -1.0
Aug 06 1105 16.8325791855 21.3574660633 61.8099547511
Aug 07 919 18.1719260065 15.3427638738 66.4853101197
Aug 08 250 19.6 12.4 68.0
Aug 09 1426 17.8120617111 13.744740533 68.443197756
Aug 10 1452 22.0385674931 16.8044077135 61.1570247934
Aug 11 1271 19.8269079465 15.6569630212 64.5161290323
Aug 12 1298 26.656394453 15.6394453005 57.7041602465
Aug 13 977 16.7860798362 20.6755373593 62.5383828045
