Time_Stamp      Daily_Total        Daily_pos    Daily_neg    Daily_neutral
27742 13.1281090044 7.06509984861 79.806791147
Aug 01 3053 11.7916803144 8.74549623321 79.4628234523
Aug 02 2921 12.7011297501 7.94248545019 79.3563847997
Aug 03 1360 12.5735294118 6.10294117647 81.3235294118
Aug 04 -1.0 -1.0 -1.0 -1.0
Aug 05 -1.0 -1.0 -1.0 -1.0
Aug 06 2644 14.2208774584 6.39183055976 79.3872919818
Aug 07 2937 12.734082397 7.89921688798 79.366700715
Aug 08 584 11.8150684932 3.93835616438 84.2465753425
Aug 09 4230 12.8368794326 5.768321513 81.3947990544
Aug 10 4069 12.976161219 6.78299336446 80.2408454166
Aug 11 3040 12.5657894737 6.64473684211 80.7894736842
Aug 12 3606 12.9783693844 6.71103716029 80.3105934554
Aug 13 2364 13.4940778342 5.45685279188 81.0490693739
