Time_Stamp      Daily_Total        Daily_pos    Daily_neg    Daily_neutral
7186 13.401057612 11.0492624548 75.5496799332
Aug 01 814 10.9336609337 14.4963144963 74.57002457
Aug 02 893 13.3258678611 13.1019036954 73.5722284434
Aug 03 671 12.0715350224 12.8166915052 75.1117734724
Aug 04 -1.0 -1.0 -1.0 -1.0
Aug 05 -1.0 -1.0 -1.0 -1.0
Aug 06 783 14.1762452107 10.6002554278 75.2234993614
Aug 07 653 10.8728943338 9.18836140888 79.9387442573
Aug 08 228 13.5964912281 10.0877192982 76.3157894737
Aug 09 969 15.1702786378 8.15273477812 76.6769865841
Aug 10 962 12.8898128898 10.395010395 76.7151767152
Aug 11 914 14.8796498906 9.51859956236 75.601750547
Aug 12 1052 14.4486692015 6.74904942966 78.8022813688
Aug 13 683 16.1054172767 8.93118594436 74.9633967789
