Time_Stamp      Daily_Total        Daily_pos    Daily_neg    Daily_neutral
7514 14.8123502795 13.8940644131 71.2935853074
Aug 01 684 10.2339181287 13.1578947368 76.6081871345
Aug 02 795 14.213836478 11.8238993711 73.9622641509
Aug 03 491 19.5519348269 8.75763747454 71.6904276986
Aug 04 -1.0 -1.0 -1.0 -1.0
Aug 05 -1.0 -1.0 -1.0 -1.0
Aug 06 766 15.1436031332 12.27154047 72.5848563969
Aug 07 589 13.921901528 8.99830220713 77.0797962649
Aug 08 191 19.3717277487 14.1361256545 66.4921465969
Aug 09 919 13.4929270947 12.4047878128 74.1022850925
Aug 10 992 15.625 10.5846774194 73.7903225806
Aug 11 1002 11.0778443114 18.1636726547 70.7584830339
Aug 12 1376 16.6424418605 19.0406976744 64.3168604651
Aug 13 667 17.3913043478 14.5427286357 68.0659670165
