Time_Stamp      Daily_Total        Daily_pos    Daily_neg    Daily_neutral
10430 14.8609779482 7.6414189837 77.4976030681
Aug 01 1003 15.1545363908 8.87337986042 75.9720837488
Aug 02 1233 14.2741281427 7.3803730738 78.3454987835
Aug 03 677 12.1122599705 5.90841949778 81.9793205318
Aug 04 -1.0 -1.0 -1.0 -1.0
Aug 05 -1.0 -1.0 -1.0 -1.0
Aug 06 1105 12.3981900452 6.96832579186 80.6334841629
Aug 07 919 13.3841131665 8.26985854189 78.3460282916
Aug 08 250 14.0 6.4 79.6
Aug 09 1426 13.0434782609 6.59186535764 80.3646563815
Aug 10 1452 17.4931129477 8.05785123967 74.4490358127
Aug 11 1271 14.1620771046 7.78914240755 78.0487804878
Aug 12 1298 22.2650231125 6.62557781202 71.1093990755
Aug 13 977 12.1801432958 6.4483111566 81.3715455476
