Time_Stamp      Daily_Total        Daily_pos    Daily_neg    Daily_neutral
13962 13.4579573127 7.02621400945 79.5158286778
Aug 01 1338 13.6023916293 7.02541106129 79.3721973094
Aug 02 1559 10.9685695959 7.88967286722 81.1417575369
Aug 03 950 14.7368421053 6.10526315789 79.1578947368
Aug 04 -1.0 -1.0 -1.0 -1.0
Aug 05 -1.0 -1.0 -1.0 -1.0
Aug 06 1627 12.5384142594 6.0848186847 81.3767670559
Aug 07 1418 12.4118476728 6.13540197461 81.4527503526
Aug 08 500 13.2 6.6 80.2
Aug 09 1995 12.4812030075 7.31829573935 80.2005012531
Aug 10 1763 15.6551332955 6.52297220647 77.821894498
Aug 11 1544 14.8316062176 6.47668393782 78.6917098446
Aug 12 1951 13.3777549974 6.50948231676 80.1127626858
Aug 13 1355 14.3911439114 5.16605166052 80.442804428
