Time_Stamp      Daily_Total        Daily_pos    Daily_neg    Daily_neutral
46815 10.5500373812 17.4773042828 71.972658336
Aug 01 6827 11.1322689322 22.3670719203 66.5006591475
Aug 02 5774 11.1707655005 20.6789054382 68.1503290613
Aug 03 1468 11.3079019074 17.5749318801 71.1171662125
Aug 04 -1.0 -1.0 -1.0 -1.0
Aug 05 -1.0 -1.0 -1.0 -1.0
Aug 06 2061 11.6448326055 15.526443474 72.8287239204
Aug 07 11249 9.74308827451 15.6636145435 74.593297182
Aug 08 1415 11.1660777385 13.2862190813 75.5477031802
Aug 09 4462 10.2420439265 16.3379650381 73.4199910354
Aug 10 4786 10.3426661095 15.3781863769 74.2791475136
Aug 11 4342 11.2160294795 13.9336711193 74.8502994012
Aug 12 4381 10.8194476147 16.4117781328 72.7687742525
Aug 13 4212 9.61538461538 16.7616334283 73.6229819563
