Time_Stamp      Daily_Total        Daily_pos    Daily_neg    Daily_neutral
13962 29.1935252829 23.3992264719 47.4072482452
Aug 01 1338 29.8953662182 23.019431988 47.0852017937
Aug 02 1559 25.9781911482 26.1064785119 47.91533034
Aug 03 950 31.7894736842 21.8947368421 46.3157894737
Aug 04 -1.0 -1.0 -1.0 -1.0
Aug 05 -1.0 -1.0 -1.0 -1.0
Aug 06 1627 27.4738783036 20.897357099 51.6287645974
Aug 07 1418 27.4330042313 21.7207334274 50.8462623413
Aug 08 500 27.0 22.6 50.4
Aug 09 1995 29.8746867168 21.8045112782 48.320802005
Aug 10 1763 30.3460011344 23.199092456 46.4549064095
Aug 11 1544 29.274611399 21.6968911917 49.0284974093
Aug 12 1951 28.4469502819 22.9625832906 48.5904664275
Aug 13 1355 29.0036900369 21.4022140221 49.594095941
