Time_Stamp      Daily_Total        Daily_pos    Daily_neg    Daily_neutral
27742 32.0164371711 22.5722730877 45.4112897412
Aug 01 3053 29.3809367835 24.6315099902 45.9875532263
Aug 02 2921 29.8527901404 23.142759329 47.0044505306
Aug 03 1360 31.8382352941 20.0735294118 48.0882352941
Aug 04 -1.0 -1.0 -1.0 -1.0
Aug 05 -1.0 -1.0 -1.0 -1.0
Aug 06 2644 33.7745839637 21.4447806354 44.7806354009
Aug 07 2937 32.3118828737 24.7191011236 42.9690160027
Aug 08 584 33.7328767123 18.1506849315 48.1164383562
Aug 09 4230 31.536643026 20.3073286052 48.1560283688
Aug 10 4069 31.0887195871 22.2413369378 46.6699434751
Aug 11 3040 32.2039473684 21.6447368421 46.1513157895
Aug 12 3606 32.8618968386 21.3255684969 45.8125346644
Aug 13 2364 33.0795262267 20.7275803723 46.192893401
