Time_Stamp      Daily_Total        Daily_pos    Daily_neg    Daily_neutral
7514 28.5733297844 35.1077987756 36.31887144
Aug 01 684 22.6608187135 34.5029239766 42.8362573099
Aug 02 795 27.0440251572 36.3522012579 36.6037735849
Aug 03 491 33.1975560081 28.3095723014 38.4928716904
Aug 04 -1.0 -1.0 -1.0 -1.0
Aug 05 -1.0 -1.0 -1.0 -1.0
Aug 06 766 32.637075718 32.2454308094 35.1174934726
Aug 07 589 29.0322580645 33.6162988115 37.3514431239
Aug 08 191 34.0314136126 31.4136125654 34.554973822
Aug 09 919 28.7268770403 34.7116430903 36.5614798694
Aug 10 992 28.9314516129 29.5362903226 41.5322580645
Aug 11 1002 22.8542914172 40.2195608782 36.9261477046
Aug 12 1376 29.1424418605 39.6075581395 31.25
Aug 13 667 30.1349325337 32.5337331334 37.3313343328
