Time_Stamp      Daily_Total        Daily_pos    Daily_neg    Daily_neutral
46815 21.4653423048 43.885506782 34.6491509132
Aug 01 6827 20.3896294126 50.5932327523 29.0171378351
Aug 02 5774 20.5749913405 48.1295462418 31.2954624177
Aug 03 1468 22.2752043597 44.7547683924 32.970027248
Aug 04 -1.0 -1.0 -1.0 -1.0
Aug 05 -1.0 -1.0 -1.0 -1.0
Aug 06 2061 23.1441048035 40.1746724891 36.6812227074
Aug 07 11249 21.6108098498 40.7769579518 37.6122321984
Aug 08 1415 24.3816254417 36.890459364 38.7279151943
Aug 09 4462 20.3496190049 42.2904527118 37.3599282833
Aug 10 4786 21.312160468 42.3735896364 36.3142498955
Aug 11 4342 22.5472132658 40.119760479 37.3330262552
Aug 12 4381 22.5062771057 43.0495320703 34.444190824
Aug 13 4212 19.4919278253 43.138651472 37.3694207028
