Time_Stamp      Daily_Total        Daily_pos    Daily_neg    Daily_neutral
10430 26.8072866731 30.297219559 42.895493768
Aug 01 1003 28.2153539382 31.2063808574 40.5782652044
Aug 02 1233 25.4663422547 26.601784266 47.9318734793
Aug 03 677 26.2924667651 29.5420974889 44.1654357459
Aug 04 -1.0 -1.0 -1.0 -1.0
Aug 05 -1.0 -1.0 -1.0 -1.0
Aug 06 1105 24.1628959276 34.6606334842 41.1764705882
Aug 07 919 26.768226333 29.4885745375 43.7431991295
Aug 08 250 26.8 26.4 46.8
Aug 09 1426 24.6143057504 26.2272089762 49.1584852735
Aug 10 1452 29.8209366391 28.9256198347 41.2534435262
Aug 11 1271 27.6160503541 29.1109362707 43.2730133753
Aug 12 1298 33.3590138675 29.1217257319 37.5192604006
Aug 13 977 23.7461617195 33.7768679632 42.4769703173
