Time_Stamp      Daily_Total        Daily_pos    Daily_neg    Daily_neutral
13962 1.16745451941 0.157570548632 98.674974932
Aug 01 1338 1.27055306428 0.0747384155456 98.6547085202
Aug 02 1559 1.0904425914 0.128287363695 98.7812700449
Aug 03 950 1.26315789474 0.421052631579 98.3157894737
Aug 04 -1.0 -1.0 -1.0 -1.0
Aug 05 -1.0 -1.0 -1.0 -1.0
Aug 06 1627 1.16779348494 0.0614628149969 98.7707437001
Aug 07 1418 0.98730606488 0.141043723554 98.8716502116
Aug 08 500 1.4 0.2 98.4
Aug 09 1995 1.30325814536 0.100250626566 98.5964912281
Aug 10 1763 1.02098695406 0.0567214974475 98.9222915485
Aug 11 1544 1.29533678756 0.259067357513 98.4455958549
Aug 12 1951 1.43516145566 0.102511532547 98.4623270118
Aug 13 1355 1.25461254613 0.147601476015 98.5977859779
