Time_Stamp      Daily_Total        Daily_pos    Daily_neg    Daily_neutral
7514 1.37077455417 0.159701889806 98.469523556
Aug 01 684 0.877192982456 0.0 99.1228070175
Aug 02 795 1.38364779874 0.125786163522 98.4905660377
Aug 03 491 2.0366598778 0.0 97.9633401222
Aug 04 -1.0 -1.0 -1.0 -1.0
Aug 05 -1.0 -1.0 -1.0 -1.0
Aug 06 766 1.56657963446 0.0 98.4334203655
Aug 07 589 1.69779286927 0.0 98.3022071307
Aug 08 191 3.14136125654 0.0 96.8586387435
Aug 09 919 0.76169749728 0.326441784548 98.9118607182
Aug 10 992 1.91532258065 0.100806451613 97.9838709677
Aug 11 1002 0.798403193613 0.199600798403 99.001996008
Aug 12 1376 1.16279069767 0.581395348837 98.2558139535
Aug 13 667 1.49925037481 0.0 98.5007496252
