Time_Stamp      Daily_Total        Daily_pos    Daily_neg    Daily_neutral
46815 0.715582612411 0.262736302467 99.0216810851
Aug 01 6827 0.761681558518 0.234363556467 99.003954885
Aug 02 5774 0.779355732594 0.363699341877 98.8569449255
Aug 03 1468 0.885558583106 0.476839237057 98.6376021798
Aug 04 -1.0 -1.0 -1.0 -1.0
Aug 05 -1.0 -1.0 -1.0 -1.0
Aug 06 2061 1.1159631247 0.0970402717128 98.7869966036
Aug 07 11249 0.631167214864 0.168903902569 99.1999288826
Aug 08 1415 0.777385159011 0.141342756184 99.0812720848
Aug 09 4462 0.672344240251 0.201703272075 99.1259524877
Aug 10 4786 0.647722524028 0.229837024655 99.1224404513
Aug 11 4342 0.529709811147 0.253339474896 99.216950714
Aug 12 4381 0.639123487788 0.319561743894 99.0413147683
Aug 13 4212 0.735992402659 0.42735042735 98.83665717
