Time_Stamp      Daily_Total        Daily_pos    Daily_neg    Daily_neutral
13962 1.34651196104 0.171895143962 98.481592895
Aug 01 1338 1.27055306428 0.0747384155456 98.6547085202
Aug 02 1559 1.28287363695 0.192431045542 98.5246953175
Aug 03 950 1.36842105263 0.421052631579 98.2105263158
Aug 04 -1.0 -1.0 -1.0 -1.0
Aug 05 -1.0 -1.0 -1.0 -1.0
Aug 06 1627 1.29071911494 0.0614628149969 98.6478180701
Aug 07 1418 1.41043723554 0.141043723554 98.4485190409
Aug 08 500 1.4 0.2 98.4
Aug 09 1995 1.65413533835 0.100250626566 98.2456140351
Aug 10 1763 1.1911514464 0.113442994895 98.6954055587
Aug 11 1544 1.55440414508 0.259067357513 98.1865284974
Aug 12 1951 1.53767298821 0.102511532547 98.3598154792
Aug 13 1355 1.25461254613 0.147601476015 98.5977859779
