Time_Stamp      Daily_Total        Daily_pos    Daily_neg    Daily_neutral
27742 0.994881407253 0.187441424555 98.8176771682
Aug 01 3053 1.1464133639 0.196528005241 98.6570586309
Aug 02 2921 0.924340979117 0.273878808627 98.8017802123
Aug 03 1360 0.882352941176 0.294117647059 98.8235294118
Aug 04 -1.0 -1.0 -1.0 -1.0
Aug 05 -1.0 -1.0 -1.0 -1.0
Aug 06 2644 1.09682299546 0.113464447806 98.7897125567
Aug 07 2937 0.817160367722 0.13619339462 99.0466462377
Aug 08 584 0.513698630137 0.0 99.4863013699
Aug 09 4230 1.06382978723 0.141843971631 98.7943262411
Aug 10 4069 0.835586139101 0.147456377488 99.0169574834
Aug 11 3040 0.888157894737 0.197368421053 98.9144736842
Aug 12 3606 0.77648363838 0.277315585136 98.9462007765
Aug 13 2364 1.1421319797 0.0846023688663 98.7732656514
