Time_Stamp      Daily_Total        Daily_pos    Daily_neg    Daily_neutral
7514 1.62363587969 0.199627362257 98.1767367581
Aug 01 684 1.02339181287 0.0 98.9766081871
Aug 02 795 1.76100628931 0.251572327044 97.9874213836
Aug 03 491 2.0366598778 0.0 97.9633401222
Aug 04 -1.0 -1.0 -1.0 -1.0
Aug 05 -1.0 -1.0 -1.0 -1.0
Aug 06 766 1.69712793734 0.0 98.3028720627
Aug 07 589 1.69779286927 0.0 98.3022071307
Aug 08 191 3.14136125654 0.0 96.8586387435
Aug 09 919 0.979325353645 0.326441784548 98.6942328618
Aug 10 992 2.11693548387 0.100806451613 97.7822580645
Aug 11 1002 1.19760479042 0.199600798403 98.6027944112
Aug 12 1376 1.38081395349 0.726744186047 97.8924418605
Aug 13 667 1.94902548726 0.0 98.0509745127
