Time_Stamp      Daily_Total        Daily_pos    Daily_neg    Daily_neutral
10430 1.11217641419 0.134228187919 98.7535953979
Aug 01 1003 0.897308075773 0.398803589232 98.703888335
Aug 02 1233 0.973236009732 0.081103000811 98.9456609895
Aug 03 677 1.329394387 0.0 98.670605613
Aug 04 -1.0 -1.0 -1.0 -1.0
Aug 05 -1.0 -1.0 -1.0 -1.0
Aug 06 1105 0.27149321267 0.0 99.7285067873
Aug 07 919 0.870511425462 0.0 99.1294885745
Aug 08 250 0.8 0.0 99.2
Aug 09 1426 0.911640953717 0.0 99.0883590463
Aug 10 1452 2.34159779614 0.068870523416 97.5895316804
Aug 11 1271 0.865460267506 0.0786782061369 99.0558615264
Aug 12 1298 1.23266563945 0.385208012327 98.3821263482
Aug 13 977 0.511770726714 0.204708290686 99.2835209826
