Time_Stamp      Daily_Total        Daily_pos    Daily_neg    Daily_neutral
7186 39.5352073476 47.2446423601 13.2201502922
Aug 01 814 32.5552825553 56.2653562654 11.1793611794
Aug 02 893 38.7458006719 47.3684210526 13.8857782755
Aug 03 671 38.5991058122 47.0938897168 14.3070044709
Aug 04 -1.0 -1.0 -1.0 -1.0
Aug 05 -1.0 -1.0 -1.0 -1.0
Aug 06 783 40.4853128991 45.3384418902 14.1762452107
Aug 07 653 38.2848392037 44.7166921899 16.9984686064
Aug 08 228 47.8070175439 41.6666666667 10.5263157895
Aug 09 969 42.1052631579 43.653250774 14.2414860681
Aug 10 962 37.422037422 47.4012474012 15.1767151767
Aug 11 914 40.9190371991 45.7330415755 13.3479212254
Aug 12 1052 43.2509505703 43.8212927757 12.927756654
Aug 13 683 42.0204978038 46.8521229868 11.1273792094
