Time_Stamp      Daily_Total        Daily_pos    Daily_neg    Daily_neutral
13962 53.122761782 46.877238218 0.0
Aug 01 1338 54.6337817638 45.3662182362 0.0
Aug 02 1559 50.6735086594 49.3264913406 0.0
Aug 03 950 55.1578947368 44.8421052632 0.0
Aug 04 -1.0 -1.0 -1.0 -1.0
Aug 05 -1.0 -1.0 -1.0 -1.0
Aug 06 1627 52.6736324524 47.3263675476 0.0
Aug 07 1418 54.5133991537 45.4866008463 0.0
Aug 08 500 52.8 47.2 0.0
Aug 09 1995 53.5839598997 46.4160401003 0.0
Aug 10 1763 54.0555870675 45.9444129325 0.0
Aug 11 1544 55.8937823834 44.1062176166 0.0
Aug 12 1951 53.5110199897 46.4889800103 0.0
Aug 13 1355 53.6531365314 46.3468634686 0.0
