Time_Stamp      Daily_Total        Daily_pos    Daily_neg    Daily_neutral
27742 57.2669598443 42.7330401557 0.0
Aug 01 3053 54.8313134622 45.1686865378 0.0
Aug 02 2921 55.6658678535 44.3341321465 0.0
Aug 03 1360 58.6029411765 41.3970588235 0.0
Aug 04 -1.0 -1.0 -1.0 -1.0
Aug 05 -1.0 -1.0 -1.0 -1.0
Aug 06 2644 58.7745839637 41.2254160363 0.0
Aug 07 2937 57.2693224379 42.7306775621 0.0
Aug 08 584 64.7260273973 35.2739726027 0.0
Aug 09 4230 58.2033096927 41.7966903073 0.0
Aug 10 4069 57.5571393463 42.4428606537 0.0
Aug 11 3040 57.8289473684 42.1710526316 0.0
Aug 12 3606 58.3194675541 41.6805324459 0.0
Aug 13 2364 59.9830795262 40.0169204738 0.0
