Time_Stamp      Daily_Total        Daily_pos    Daily_neg    Daily_neutral
7186 44.3501252435 55.6498747565 0.0
Aug 01 814 36.9778869779 63.0221130221 0.0
Aug 02 893 43.0011198208 56.9988801792 0.0
Aug 03 671 45.9016393443 54.0983606557 0.0
Aug 04 -1.0 -1.0 -1.0 -1.0
Aug 05 -1.0 -1.0 -1.0 -1.0
Aug 06 783 45.8492975734 54.1507024266 0.0
Aug 07 653 45.6355283308 54.3644716692 0.0
Aug 08 228 53.0701754386 46.9298245614 0.0
Aug 09 969 47.2652218782 52.7347781218 0.0
Aug 10 962 42.8274428274 57.1725571726 0.0
Aug 11 914 45.6236323851 54.3763676149 0.0
Aug 12 1052 48.288973384 51.711026616 0.0
Aug 13 683 46.5592972182 53.4407027818 0.0
