Time_Stamp      Daily_Total        Daily_pos    Daily_neg    Daily_neutral
7514 44.1176470588 55.8823529412 0.0
Aug 01 684 42.9824561404 57.0175438596 0.0
Aug 02 795 43.8993710692 56.1006289308 0.0
Aug 03 491 51.7311608961 48.2688391039 0.0
Aug 04 -1.0 -1.0 -1.0 -1.0
Aug 05 -1.0 -1.0 -1.0 -1.0
Aug 06 766 47.911227154 52.088772846 0.0
Aug 07 589 46.1799660441 53.8200339559 0.0
Aug 08 191 48.6910994764 51.3089005236 0.0
Aug 09 919 45.0489662677 54.9510337323 0.0
Aug 10 992 47.1774193548 52.8225806452 0.0
Aug 11 1002 38.4231536926 61.5768463074 0.0
Aug 12 1376 42.0784883721 57.9215116279 0.0
Aug 13 667 44.9775112444 55.0224887556 0.0
