Time_Stamp      Daily_Total        Daily_pos    Daily_neg    Daily_neutral
7186 27.8736431951 32.646813248 39.4795435569
Aug 01 814 22.2358722359 39.9262899263 37.8378378378
Aug 02 893 27.9955207167 33.1466965286 38.8577827548
Aug 03 671 27.7198211624 34.5752608048 37.7049180328
Aug 04 -1.0 -1.0 -1.0 -1.0
Aug 05 -1.0 -1.0 -1.0 -1.0
Aug 06 783 28.7356321839 30.3959131545 40.8684546616
Aug 07 653 24.6554364472 28.7901990812 46.5543644717
Aug 08 228 32.4561403509 29.3859649123 38.1578947368
Aug 09 969 31.475748194 29.4117647059 39.1124871001
Aug 10 962 26.2993762994 33.1600831601 40.5405405405
Aug 11 914 27.5711159737 29.8687089716 42.5601750547
Aug 12 1052 30.2281368821 28.8022813688 40.969581749
Aug 13 683 30.4538799414 31.0395314788 38.5065885798
