Time_Stamp      Daily_Total        Daily_pos    Daily_neg    Daily_neutral
46815 4.21873331197 3.52664744206 92.254619246
Aug 01 6827 4.68727112934 4.20389629413 91.1088325765
Aug 02 5774 4.65881537929 3.93141669553 91.4097679252
Aug 03 1468 5.38147138965 2.92915531335 91.689373297
Aug 04 -1.0 -1.0 -1.0 -1.0
Aug 05 -1.0 -1.0 -1.0 -1.0
Aug 06 2061 5.14313440078 2.91120815138 91.9456574478
Aug 07 11249 4.05369366166 3.25362254423 92.6926837941
Aug 08 1415 3.03886925795 3.18021201413 93.7809187279
Aug 09 4462 3.36172120126 3.1376064545 93.5006723442
Aug 10 4786 3.92812369411 3.36397826995 92.7078980359
Aug 11 4342 4.16858590511 3.08613542146 92.7452786734
Aug 12 4381 4.40538689797 3.62930837708 91.9653047249
Aug 13 4212 4.01234567901 3.30009496676 92.6875593542
