Time_Stamp      Daily_Total        Daily_pos    Daily_neg    Daily_neutral
10430 7.56471716203 1.51486097795 90.92042186
Aug 01 1003 6.48055832502 1.79461615155 91.7248255234
Aug 02 1233 6.00162206002 1.78426601784 92.2141119221
Aug 03 677 6.64697193501 0.443131462334 92.9098966027
Aug 04 -1.0 -1.0 -1.0 -1.0
Aug 05 -1.0 -1.0 -1.0 -1.0
Aug 06 1105 5.88235294118 0.995475113122 93.1221719457
Aug 07 919 6.52883569097 0.979325353645 92.4918389554
Aug 08 250 8.0 0.8 91.2
Aug 09 1426 5.39971949509 1.47265077139 93.1276297335
Aug 10 1452 10.1239669421 2.06611570248 87.8099173554
Aug 11 1271 6.53029110936 1.02281667978 92.4468922109
Aug 12 1298 14.406779661 1.7719568567 83.8212634823
Aug 13 977 5.42476970317 1.22824974411 93.3469805527
