Time_Stamp      Daily_Total        Daily_pos    Daily_neg    Daily_neutral
13962 3.2015470563 0.372439478585 96.4260134651
Aug 01 1338 3.21375186846 0.298953662182 96.4872944694
Aug 02 1559 2.88646568313 0.513149454779 96.6003848621
Aug 03 950 3.26315789474 0.526315789474 96.2105263158
Aug 04 -1.0 -1.0 -1.0 -1.0
Aug 05 -1.0 -1.0 -1.0 -1.0
Aug 06 1627 3.07314074985 0.368776889982 96.5580823602
Aug 07 1418 2.67983074753 0.423131170663 96.8970380818
Aug 08 500 4.0 0.4 95.6
Aug 09 1995 3.30827067669 0.200501253133 96.4912280702
Aug 10 1763 4.02722631877 0.22688598979 95.7458876914
Aug 11 1544 3.04404145078 0.453367875648 96.5025906736
Aug 12 1951 3.43413634034 0.307534597642 96.258329062
Aug 13 1355 3.09963099631 0.221402214022 96.6789667897
