Time_Stamp      Daily_Total        Daily_pos    Daily_neg    Daily_neutral
7514 4.5781208411 0.505722651051 94.9161565079
Aug 01 684 2.04678362573 0.292397660819 97.6608187135
Aug 02 795 4.90566037736 0.251572327044 94.8427672956
Aug 03 491 7.94297352342 0.20366598778 91.8533604888
Aug 04 -1.0 -1.0 -1.0 -1.0
Aug 05 -1.0 -1.0 -1.0 -1.0
Aug 06 766 4.96083550914 0.261096605744 94.7780678851
Aug 07 589 5.77249575552 0.0 94.2275042445
Aug 08 191 5.75916230366 0.0 94.2408376963
Aug 09 919 3.37323177367 0.435255712731 96.1915125136
Aug 10 992 5.54435483871 0.403225806452 94.0524193548
Aug 11 1002 2.29540918164 0.698602794411 97.005988024
Aug 12 1376 5.59593023256 1.23546511628 93.1686046512
Aug 13 667 5.39730134933 0.299850074963 94.3028485757
