Time_Stamp      Daily_Total        Daily_pos    Daily_neg    Daily_neutral
46815 2.32190537221 0.71771867991 96.9603759479
Aug 01 6827 2.62194228797 0.71773839168 96.6603193203
Aug 02 5774 2.44198129546 0.917907862833 96.6401108417
Aug 03 1468 3.54223433243 0.953678474114 95.5040871935
Aug 04 -1.0 -1.0 -1.0 -1.0
Aug 05 -1.0 -1.0 -1.0 -1.0
Aug 06 2061 3.10528869481 0.436681222707 96.4580300825
Aug 07 11249 2.17797137523 0.51560138679 97.306427238
Aug 08 1415 1.97879858657 0.494699646643 97.5265017668
Aug 09 4462 2.12909009413 0.694755714926 97.1761541909
Aug 10 4786 1.94316757209 0.731299623903 97.325532804
Aug 11 4342 2.25702441271 0.621833256564 97.1211423307
Aug 12 4381 2.35106140151 0.730426843186 96.9185117553
Aug 13 4212 2.46913580247 0.878442545109 96.6524216524
