Time_Stamp      Daily_Total        Daily_pos    Daily_neg    Daily_neutral
7514 10.6601011445 7.27974447698 82.0601543785
Aug 01 684 7.30994152047 6.72514619883 85.9649122807
Aug 02 795 11.9496855346 6.2893081761 81.7610062893
Aug 03 491 12.6272912424 3.86965376782 83.5030549898
Aug 04 -1.0 -1.0 -1.0 -1.0
Aug 05 -1.0 -1.0 -1.0 -1.0
Aug 06 766 10.4438642298 5.22193211488 84.3342036554
Aug 07 589 11.0356536503 4.07470288625 84.8896434635
Aug 08 191 13.0890052356 5.23560209424 81.6753926702
Aug 09 919 9.03155603917 5.87595212187 85.092491839
Aug 10 992 11.4919354839 4.83870967742 83.6693548387
Aug 11 1002 7.28542914172 10.0798403194 82.6347305389
Aug 12 1376 12.2093023256 10.8284883721 76.9622093023
Aug 13 667 13.4932533733 7.64617691154 78.8605697151
