Time_Stamp      Daily_Total        Daily_pos    Daily_neg    Daily_neutral
10430 10.393096836 3.53787152445 86.0690316395
Aug 01 1003 10.2691924227 4.48654037886 85.2442671984
Aug 02 1233 9.16463909165 3.89294403893 86.9424168694
Aug 03 677 8.41949778434 2.36336779911 89.2171344165
Aug 04 -1.0 -1.0 -1.0 -1.0
Aug 05 -1.0 -1.0 -1.0 -1.0
Aug 06 1105 8.59728506787 2.44343891403 88.9592760181
Aug 07 919 8.70511425462 3.48204570185 87.8128400435
Aug 08 250 11.2 2.4 86.4
Aug 09 1426 7.71388499299 3.01542776999 89.270687237
Aug 10 1452 12.5344352617 3.99449035813 83.4710743802
Aug 11 1271 9.52006294256 3.77655389457 86.7033831629
Aug 12 1298 17.4884437596 3.15870570108 79.3528505393
Aug 13 977 7.8812691914 2.8659160696 89.252814739
