Time_Stamp      Daily_Total        Daily_pos    Daily_neg    Daily_neutral
27742 0.829067839377 0.162208925096 99.0087232355
Aug 01 3053 0.917130691123 0.196528005241 98.8863413036
Aug 02 2921 0.821636425882 0.239643957549 98.9387196166
Aug 03 1360 0.514705882353 0.294117647059 99.1911764706
Aug 04 -1.0 -1.0 -1.0 -1.0
Aug 05 -1.0 -1.0 -1.0 -1.0
Aug 06 2644 0.983358547655 0.0756429652042 98.9409984871
Aug 07 2937 0.612870275792 0.13619339462 99.2509363296
Aug 08 584 0.513698630137 0.0 99.4863013699
Aug 09 4230 0.851063829787 0.0945626477541 99.0543735225
Aug 10 4069 0.688129761612 0.147456377488 99.1644138609
Aug 11 3040 0.723684210526 0.131578947368 99.1447368421
Aug 12 3606 0.69328896284 0.277315585136 99.029395452
Aug 13 2364 1.09983079526 0.0423011844332 98.8578680203
