Time_Stamp      Daily_Total        Daily_pos    Daily_neg    Daily_neutral
7186 1.47509045366 0.0974116337323 98.4274979126
Aug 01 814 0.614250614251 0.12285012285 99.2628992629
Aug 02 893 1.679731243 0.0 98.320268757
Aug 03 671 1.93740685544 0.149031296572 97.913561848
Aug 04 -1.0 -1.0 -1.0 -1.0
Aug 05 -1.0 -1.0 -1.0 -1.0
Aug 06 783 1.40485312899 0.127713920817 98.4674329502
Aug 07 653 1.0719754977 0.0 98.9280245023
Aug 08 228 0.877192982456 0.0 99.1228070175
Aug 09 969 1.75438596491 0.0 98.2456140351
Aug 10 962 1.8711018711 0.2079002079 97.920997921
Aug 11 914 1.64113785558 0.0 98.3588621444
Aug 12 1052 2.28136882129 0.0950570342205 97.6235741445
Aug 13 683 1.317715959 0.146412884334 98.5358711567
