Time_Stamp      Daily_Total        Daily_pos    Daily_neg    Daily_neutral
10430 1.0067114094 0.124640460211 98.8686481304
Aug 01 1003 0.797607178465 0.299102691924 98.9032901296
Aug 02 1233 0.729927007299 0.081103000811 99.1889699919
Aug 03 677 1.329394387 0.0 98.670605613
Aug 04 -1.0 -1.0 -1.0 -1.0
Aug 05 -1.0 -1.0 -1.0 -1.0
Aug 06 1105 0.180995475113 0.0 99.8190045249
Aug 07 919 0.870511425462 0.0 99.1294885745
Aug 08 250 0.8 0.0 99.2
Aug 09 1426 0.841514726508 0.0 99.1584852735
Aug 10 1452 2.1349862259 0.068870523416 97.7961432507
Aug 11 1271 0.865460267506 0.0786782061369 99.0558615264
Aug 12 1298 1.15562403698 0.385208012327 98.4591679507
Aug 13 977 0.409416581372 0.204708290686 99.3858751279
