Time_Stamp      Daily_Total        Daily_pos    Daily_neg    Daily_neutral
13962 46.6623692881 37.723821802 15.6138089099
Aug 01 1338 48.0568011958 37.8923766816 14.0508221226
Aug 02 1559 44.0025657473 40.4105195638 15.5869146889
Aug 03 950 49.3684210526 35.7894736842 14.8421052632
Aug 04 -1.0 -1.0 -1.0 -1.0
Aug 05 -1.0 -1.0 -1.0 -1.0
Aug 06 1627 46.5273509527 36.2630608482 17.2095881991
Aug 07 1418 47.1791255289 36.8829337094 15.9379407616
Aug 08 500 46.2 36.6 17.2
Aug 09 1995 46.9172932331 37.0426065163 16.0401002506
Aug 10 1763 47.4191718661 37.0958593307 15.4849688032
Aug 11 1544 48.4455958549 34.1968911917 17.3575129534
Aug 12 1951 47.8728856996 37.0066632496 15.1204510507
Aug 13 1355 47.6014760148 36.8265682657 15.5719557196
