Time_Stamp      Daily_Total        Daily_pos    Daily_neg    Daily_neutral
27742 51.5788335376 36.226659938 12.1945065244
Aug 01 3053 49.0992466426 38.6505076973 12.25024566
Aug 02 2921 50.633344745 37.2132831222 12.1533721328
Aug 03 1360 53.6029411765 35.3676470588 11.0294117647
Aug 04 -1.0 -1.0 -1.0 -1.0
Aug 05 -1.0 -1.0 -1.0 -1.0
Aug 06 2644 52.7231467474 34.6066565809 12.6701966717
Aug 07 2937 51.9918283963 37.3510384746 10.657133129
Aug 08 584 59.2465753425 28.4246575342 12.3287671233
Aug 09 4230 51.914893617 34.9172576832 13.1678486998
Aug 10 4069 51.4376996805 36.0039321701 12.5583681494
Aug 11 3040 52.3684210526 35.4276315789 12.2039473684
Aug 12 3606 52.8008874099 34.1930116473 13.0061009429
Aug 13 2364 54.399323181 34.2216582064 11.3790186125
