Time_Stamp      Daily_Total        Daily_pos    Daily_neg    Daily_neutral
7514 40.1783337769 48.0968858131 11.7247804099
Aug 01 684 38.0116959064 47.0760233918 14.9122807018
Aug 02 795 39.4968553459 49.4339622642 11.0691823899
Aug 03 491 47.4541751527 39.7148676171 12.8309572301
Aug 04 -1.0 -1.0 -1.0 -1.0
Aug 05 -1.0 -1.0 -1.0 -1.0
Aug 06 766 43.9947780679 44.2558746736 11.7493472585
Aug 07 589 40.2376910017 46.519524618 13.2427843803
Aug 08 191 45.5497382199 43.9790575916 10.4712041885
Aug 09 919 40.8052230686 47.007616975 12.1871599565
Aug 10 992 42.5403225806 43.3467741935 14.1129032258
Aug 11 1002 34.630738523 54.8902195609 10.4790419162
Aug 12 1376 39.4622093023 50.9447674419 9.59302325581
Aug 13 667 42.1289355322 46.1769115442 11.6941529235
