Time_Stamp      Daily_Total        Daily_pos    Daily_neg    Daily_neutral
46815 29.8216383638 58.0326818327 12.1456798035
Aug 01 6827 27.2154679947 63.2635125238 9.52101948147
Aug 02 5774 27.3986837548 61.326636647 11.2746795982
Aug 03 1468 29.7002724796 58.378746594 11.9209809264
Aug 04 -1.0 -1.0 -1.0 -1.0
Aug 05 -1.0 -1.0 -1.0 -1.0
Aug 06 2061 32.6540514313 54.2940320233 13.0519165454
Aug 07 11249 31.2916703707 54.4315050227 14.2768246066
Aug 08 1415 33.9222614841 52.0141342756 14.0636042403
Aug 09 4462 29.0004482295 58.9421783953 12.0573733752
Aug 10 4786 29.8788132052 57.9189302131 12.2022565817
Aug 11 4342 31.6213726393 54.0764624597 14.302164901
Aug 12 4381 30.7692307692 58.4341474549 10.7966217759
Aug 13 4212 28.1339031339 59.3067426401 12.559354226
