Time_Stamp      Daily_Total        Daily_pos    Daily_neg    Daily_neutral
10430 36.9702780441 48.7440076702 14.2857142857
Aug 01 1003 38.8833499501 47.258225324 13.8584247258
Aug 02 1233 33.3333333333 52.0681265207 14.598540146
Aug 03 677 36.9276218612 46.3810930576 16.6912850812
Aug 04 -1.0 -1.0 -1.0 -1.0
Aug 05 -1.0 -1.0 -1.0 -1.0
Aug 06 1105 33.4841628959 51.221719457 15.2941176471
Aug 07 919 38.8465723613 45.5930359086 15.5603917301
Aug 08 250 38.8 45.6 15.6
Aug 09 1426 34.0813464236 52.1739130435 13.744740533
Aug 10 1452 40.9090909091 42.6997245179 16.391184573
Aug 11 1271 36.7427222659 43.7450826121 19.512195122
Aug 12 1298 42.6040061633 46.3020030817 11.093990755
Aug 13 977 34.3909928352 52.9170931423 12.6919140225
