Time_Stamp      Daily_Total        Daily_pos    Daily_neg    Daily_neutral
13962 35.539321014181354 18.48589027359977 45.97478871221888
Aug 01 1338 36.92077727952167 18.83408071748879 44.24514200298953
Aug 02 1559 32.58499037844772 20.525978191148173 46.8890314304041
Aug 03 950 35.78947368421053 17.157894736842106 47.05263157894737
Aug 04 -1.0 -1.0 -1.0 -1.0
Aug 05 -1.0 -1.0 -1.0 -1.0
Aug 06 1627 34.726490473263674 16.22618315918869 49.04732636754763
Aug 07 1418 34.344146685472495 17.348377997179128 48.30747531734838
Aug 08 500 32.800000000000004 17.8 49.4
Aug 09 1995 35.58897243107769 18.395989974937343 46.015037593984964
Aug 10 1763 35.96142938173568 19.171866137266026 44.8667044809983
Aug 11 1544 35.880829015544045 17.875647668393782 46.24352331606217
Aug 12 1951 35.00768836494106 18.04202972834444 46.9502819067145
Aug 13 1355 36.01476014760148 15.571955719557195 48.413284132841326
