Time_Stamp      Daily_Total        Daily_pos    Daily_neg    Daily_neutral
27922 32.27562495523244 23.64443807750161 44.07993696726595
Aug 01 3073 29.905629677839247 26.846729580214774 43.24764074194598
Aug 02 2958 30.59499661933739 25.01690331304936 44.38810006761325
Aug 03 1371 32.312180889861416 20.49598832968636 47.19183078045223
Aug 04 -1.0 -1.0 -1.0 -1.0
Aug 05 -1.0 -1.0 -1.0 -1.0
Aug 06 2658 34.19864559819413 21.51993980436418 44.28141459744169
Aug 07 2956 31.055480378890394 25.135317997293637 43.809201623815966
Aug 08 587 31.3458262350937 18.56899488926746 50.08517887563884
Aug 09 4247 31.975512126206734 21.82717212149753 46.19731575229574
Aug 10 4091 32.43705695428991 23.246150085553655 44.31679296015644
Aug 11 3062 33.27890267798824 23.056825604180275 43.66427171783148
Aug 12 3624 33.27814569536424 22.185430463576157 44.5364238410596
Aug 13 2374 33.403538331929234 20.598146588037068 45.9983150800337
