Time_Stamp      Daily_Total        Daily_pos    Daily_neg    Daily_neutral
7186 35.51349846924576 24.505983857500695 39.980517673253544
Aug 01 814 29.238329238329236 29.115479115479115 41.646191646191646
Aug 02 893 32.47480403135498 26.651735722284435 40.87346024636058
Aug 03 671 34.12816691505216 29.210134128166914 36.661698956780924
Aug 04 -1.0 -1.0 -1.0 -1.0
Aug 05 -1.0 -1.0 -1.0 -1.0
Aug 06 783 37.547892720306514 23.754789272030653 38.69731800766284
Aug 07 653 35.987748851454825 24.808575803981622 39.20367534456356
Aug 08 228 32.45614035087719 24.12280701754386 43.42105263157895
Aug 09 969 39.628482972136226 22.703818369453042 37.66769865841073
Aug 10 962 36.38253638253639 22.972972972972975 40.644490644490645
Aug 11 914 37.527352297593 22.64770240700219 39.82494529540481
Aug 12 1052 37.167300380228134 21.958174904942965 40.874524714828894
Aug 13 683 36.749633967789165 21.37628111273792 41.874084919472914
