Time_Stamp      Daily_Total        Daily_pos    Daily_neg    Daily_neutral
7514 37.56986957678999 27.58850146393399 34.841628959276015
Aug 01 684 33.187134502923975 28.947368421052634 37.86549707602339
Aug 02 795 37.35849056603773 23.270440251572328 39.37106918238994
Aug 03 491 45.21384928716905 21.181262729124235 33.604887983706725
Aug 04 -1.0 -1.0 -1.0 -1.0
Aug 05 -1.0 -1.0 -1.0 -1.0
Aug 06 766 41.253263707571804 24.02088772845953 34.72584856396867
Aug 07 589 39.72835314091681 23.429541595925297 36.84210526315789
Aug 08 191 42.40837696335078 24.60732984293194 32.98429319371728
Aug 09 919 38.62894450489663 25.462459194776933 35.90859630032644
Aug 10 992 40.12096774193548 24.29435483870968 35.58467741935484
Aug 11 1002 30.439121756487026 34.63073852295409 34.930139720558884
Aug 12 1376 34.81104651162791 34.156976744186046 31.031976744186046
Aug 13 667 38.3808095952024 26.686656671664167 34.93253373313343
