Time_Stamp      Daily_Total        Daily_pos    Daily_neg    Daily_neutral
46815 26.758517569155188 37.791306205276086 35.45017622556873
Aug 01 6827 25.325911820711877 40.55954299106489 34.11454518822323
Aug 02 5774 26.567370973328714 39.01974367855906 34.412885348112226
Aug 03 1468 27.79291553133515 34.94550408719346 37.26158038147139
Aug 04 -1.0 -1.0 -1.0 -1.0
Aug 05 -1.0 -1.0 -1.0 -1.0
Aug 06 2061 29.54876273653566 31.58660844250364 38.864628820960704
Aug 07 11249 25.104453729220378 41.25700062227754 33.63854564850209
Aug 08 1415 28.12720848056537 37.24381625441696 34.62897526501767
Aug 09 4462 26.3334827431645 35.118780815777676 38.54773644105782
Aug 10 4786 28.019222732971166 34.621813623067276 37.35896364396156
Aug 11 4342 28.880700138185166 32.45048364808844 38.668816213726394
Aug 12 4381 29.171422049760327 33.9191965304725 36.90938141976718
Aug 13 4212 26.282051282051285 36.44349477682811 37.274453941120605
