Time_Stamp      Daily_Total        Daily_pos    Daily_neg    Daily_neutral
10430 36.327900287631834 20.30680728667306 43.36529242569511
Aug 01 1003 39.28215353938185 17.846460618145564 42.871385842472584
Aug 02 1233 33.495539334955396 17.35604217356042 49.148418491484186
Aug 03 677 33.97341211225997 19.202363367799112 46.82422451994091
Aug 04 -1.0 -1.0 -1.0 -1.0
Aug 05 -1.0 -1.0 -1.0 -1.0
Aug 06 1105 34.57013574660633 23.34841628959276 42.081447963800905
Aug 07 919 38.95538628944505 16.104461371055496 44.940152339499456
Aug 08 250 39.2 16.8 44.0
Aug 09 1426 34.50210378681627 16.40953716690042 49.08835904628331
Aug 10 1452 38.84297520661157 21.694214876033058 39.46280991735537
Aug 11 1271 35.641227380015735 23.918174665617624 40.440597954366645
Aug 12 1298 41.06317411402157 18.64406779661017 40.292758089368256
Aug 13 977 33.36745138178096 22.824974411463664 43.807574206755376
